(00,00,00:0022:60)
'@ 0
'@  0, 0, 0, 0, 0,  0,0, 0,0
'@  0, 0, 0, 0, 0,  0,0, 0,0
'@ 31,13, 5, 7, 2,  0,0, 2,0
'@ 31, 4, 4, 9, 6,  0,0, 2,0
'@ 6,0
'%@0 @0 EOF

(28,00,23:4848:47)
'@ 3
'@ 31, 0, 2, 5, 5, 28,0, 4,7
'@ 31, 6, 2, 8, 7,  0,0, 8,7
'@ 31, 0, 3, 5, 7, 23,0, 4,3
'@ 31, 4, 2, 8, 9,  0,0, 8,3
'@ 4,7
'%@3 @3 EOF

(40,00,35:C462:47)
'@ 12
'@ 28, 4, 0, 9, 1, 40,0,12,3
'@ 31, 8, 0,10, 3,  0,0, 4,3
'@ 24, 4, 2,10, 7, 35,0, 6,7
'@ 31, 8, 0,11, 4,  0,0, 2,7
'@ 4,7
'%@12 @12 EOF

(30,00,31:4424:47)
'@ 23
'@ 28, 4, 0, 9, 1, 30,0, 4,3
'@ 31, 0, 3,14,15,  0,0, 4,3
'@ 31, 0, 4,10, 9, 31,0, 2,7
'@ 31, 0, 3,12,12,  0,0, 4,7
'@ 4,7
'%@23 @23 EOF

(13,30,28:6212:36)
'@ 27
'@ 31, 9, 1, 9, 2, 13,0, 6,7
'@ 31, 9, 1, 9, 2, 30,0, 2,3
'@ 31, 9, 1, 9, 2, 28,0, 1,3
'@ 31, 0, 0, 9, 1,  0,0, 2,7
'@ 3,6
'%@27 @27 EOF

(30,50,20:8101:27)
'@ 29
'@ 31,18, 2,10, 7, 30,0, 8,0
'@ 31,17, 4, 3, 2, 50,0, 1,7
'@ 31,15, 4, 3, 1, 20,0, 0,7
'@ 31,14, 4, 9, 1,  0,0, 1,0
'@ 2,7
'%@29 @29 EOF

(29,00,00:2444:57)
'@ 43
'@ 31, 0, 0, 9, 0, 29,0, 2,0
'@ 31,15, 1,12, 4,  0,0, 6,0
'@ 31,15, 1,12, 4,  0,0, 4,0
'@ 31,15, 1,12, 4,  0,0, 4,0
'@ 5,7
'%@43 @43 EOF

(17,00,20:8C82:43)
'@ 54
'@ 31, 0, 0, 0, 3, 17,0, 8,0
'@ 31,15, 0,10, 4,  0,0,12,0
'@ 31, 1, 0, 7, 8, 20,0, 4,0
'@ 31,15, 0, 9, 4,  0,0, 2,0
'@ 4,3
'%@54 @54 EOF

(40,00,35:C4C4:44)
'@ 59
'@ 31, 8, 0, 4, 6, 40,0,12,5
'@ 31,16, 3,11, 6,  0,0, 4,0
'@ 31, 0, 0, 5,15, 35,0,12,1
'@ 31,13, 3,12, 8,  0,0, 4,5
'@ 4,4
'%@59 @59 EOF

(28,58,22:6601:00)
'@ 74
'@ 31, 7, 5, 0,15, 28,0, 6,0
'@ 31, 5, 4, 0,15, 58,0, 5,0
'@ 31, 9, 5, 2, 9, 22,0, 0,0
'@ 31,10,10,12,15,  0,0, 1,0
'@ 0,0
'%@74 @74 EOF

(30,00,31:2242:47)
'@ 79
'@ 31, 1, 0,12, 1, 30,0, 2,3
'@ 31, 1, 0,14,15,  0,0, 2,7
'@ 31, 0, 0,10, 9, 31,0, 4,7
'@ 31, 4, 0,12,12,  0,0, 2,3
'@ 4,7
'%@79 @79 EOF

(29,00,00:1111:57)
'@ 99
'@ 31, 0, 0, 0,15, 29,0, 1,0
'@ 31,14, 0,10, 3,  0,0, 1,0
'@ 31,14, 0, 7, 3,  0,0, 1,0
'@ 31,14, 0, 9, 3,  0,0, 1,0
'@ 5,7
'%@99 @99 EOF

(31,00,34:C4C4:47)
'@ 101
'@ 24, 0, 4, 9, 2, 35,0,12,3
'@ 31,10, 3,11, 5,  0,0, 4,3
'@ 24, 0, 4,10, 7, 33,0,12,7
'@ 31,10, 3,10, 5,  0,0, 4,7
'@ 4,7
'%@101 @101 EOF

(01,01,01:9558:00)
'@ 123
'@ 31, 4, 0, 9, 1,  1,0, 9,3
'@ 31, 0, 3,10,15,  1,0, 5,3
'@ 31, 0, 0,10, 9,  1,0, 5,7
'@ 31, 9,14,15, 2,  0,0, 8,7
'@ 0,0
'%@123 @123 EOF

(12,00,03:F8C8:47)
'@ 124
'@ 31, 0, 0, 0, 3, 12,0,15,0
'@ 31,13, 7,10, 4,  0,0, 8,0
'@ 31, 0, 0, 7, 8,  3,0,12,0
'@ 31, 8, 9, 9, 5,  0,0, 8,0
'@ 4,7
'%@124 @124 EOF

(40,00,35:8484:40)
'@ 169
'@ 31, 6, 0, 9, 2, 40,0, 8,3
'@ 31,12, 3,11, 9,  0,2, 4,3
'@ 31,12, 4,10, 7, 35,0, 8,7
'@ 31,12, 3,10,11,  0,2, 4,7
'@ 4,0
'%@169 @169 EOF

(27,00,30:8484:47)
'@ 181
'@ 31, 3, 0, 7, 8, 27,0, 8,3
'@ 31, 4, 0, 9, 5,  0,0, 4,3
'@ 31, 3, 0, 7, 8, 30,0, 8,7
'@ 31, 4, 0, 9, 5,  0,0, 4,7
'@ 4,7
'%@181 @181 EOF

(13,25,09:FFC2:37)
'@ 237
'@ 31,15, 4, 4, 9, 13,0,15,3
'@ 31,13, 1, 5, 3, 25,0,15,3
'@ 31,14, 5, 5, 4,  9,0,12,3
'@ 31,14, 0, 5, 3,  0,0, 2,3
'@ 3,7
'%@237 @237 EOF

(30,00,00:4442:57)
'@ 250
'@ 31, 0, 0, 0,15, 30,0, 4,0
'@ 31, 0, 0,10,15,  0,0, 4,0
'@ 31, 0, 0,10,15,  0,0, 4,0
'@ 31, 0, 0,10,15,  0,0, 2,0
'@ 5,7
'%@250 @250 EOF

(28,00,00:8622:57)
'@ 251
'@ 31, 0, 0, 9, 1, 28,0, 8,0
'@ 31,15, 0,14, 2,  0,0, 6,0
'@ 31,15, 0,10, 9,  0,0, 2,0
'@ 31,15, 0,12, 5,  0,0, 2,0
'@ 5,7
'%@251 @251 EOF

